localizedName: "[green]Refined Ohyesium"
description: "The opposite of [red]refined ohnoium[]. Strong enough to completely negate the explosiveness of [red]refined ohnoium[]."
details: w   h   a   t

color: 84f491ff
explosiveness: -1.7976931348623157e+308
flammability: -1.7976931348623157e+308
radioactivity: -1.7976931348623157e+308
charge: -1.7976931348623157e+308